position select_coef p1_freq p2_freq origin_gen migr_rate mut_rate recomb_rate fitness_width n output_gen rep
170001 -0.103635 0 0.0005 5 0.01 1e-06 1e-06 25 1000 5 0
3117501 0.0740095 0 0.001 1 0.01 1e-06 1e-06 25 1000 5 0
3117501 0.0740095 0 0.003 1 0.01 1e-06 1e-06 25 1000 10 0
4722501 0.0223737 0 0.0015 9 0.01 1e-06 1e-06 25 1000 10 0
747501 0.00375629 0 0.0005 14 0.01 1e-06 1e-06 25 1000 15 0
3117501 0.0740095 0 0.0005 1 0.01 1e-06 1e-06 25 1000 15 0
4722501 0.0223737 0 0.0025 9 0.01 1e-06 1e-06 25 1000 15 0
2015002 0.00603356 0.0005 0 19 0.01 1e-06 1e-06 25 1000 20 0
4722501 0.0223737 0 0.0005 9 0.01 1e-06 1e-06 25 1000 20 0
